Carlier 11x5 instance (exemple 1)
 11 5
 0 375 1  12 2 142 3 245 4 412
 0 632 1 452 2 758 3 278 4 398
 0  12 1 876 2 124 3 534 4 765
 0 460 1 542 2 523 3 120 4 499
 0 528 1 101 2 789 3 124 4 999
 0 796 1 245 2 632 3 375 4 123
 0 532 1 230 2 543 3 896 4 452
 0  14 1 124 2 214 3 543 4 785
 0 257 1 527 2 753 3 210 4 463
 0 896 1 896 2 214 3 258 4 259
 0 532 1 302 2 501 3 765 4 988
 +++++++++++++++++++++++++++++

 instance car2

 +++++++++++++++++++++++++++++
 Carlier 13x4 instance (exemple 2)
 13 4
 0 654 1 147 2 345 3 447
 0 321 1 520 2 789 3 702
 0  12 1 147 2 630 3 255
 0 345 1 586 2 214 3 866
 0 678 1 532 2 275 3 332
 0 963 1 145 2 302 3 225
 0  25 1  24 2 142 3 589
 0 874 1 517 2  24 3 996
 0 114 1 896 2 520 3 541
 0 785 1 543 2 336 3 234
 0 203 1 210 2 699 3 784
 0 696 1 784 2 855 3 512
 0 302 1 512 2 221 3 345
 +++++++++++++++++++++++++++++

 instance car3

 +++++++++++++++++++++++++++++
 Carlier 12x5 instance (exemple 3)
 12 5
 0 456 1 537 2 123 3 214 4 234
 0 789 1 854 2 225 3 528 4 123
 0 876 1 632 2 588 3 896 4 456
 0 543 1 145 2 669 3 325 4 789
 0 210 1 785 2 966 3 147 4 876
 0 123 1 214 2 332 3 856 4 543
 0 456 1 752 2 144 3 321 4 210
 0 789 1 143 2 755 3 427 4 123
 0 876 1 698 2 322 3 546 4 456
 0 543 1 532 2 100 3 321 4 789
 0 210 1 145 2 114 3 401 4 876
 0 124 1 247 2 753 3 214 4 543
 +++++++++++++++++++++++++++++

 instance car4

 +++++++++++++++++++++++++++++
 Carlier 14x4 instance (exemple 4)
 14 4
 0 456 1 856 2 963 3 696
 0 789 1 930 2  21 3 320
 0 630 1 214 2 475 3 142
 0 214 1 257 2 320 3 753
 0 573 1 896 2 124 3 214
 0 218 1 532 2 752 3 528
 0 653 1 142 2 147 3 653
 0 214 1 547 2 532 3 214
 0 204 1 865 2 145 3 527
 0 785 1 321 2 763 3 536
 0 696 1 124 2 214 3 214
 0 532 1  12 2 257 3 528
 0  12 1 345 2 854 3 888
 0 457 1 678 2 123 3 999
 +++++++++++++++++++++++++++++

 instance car5

 +++++++++++++++++++++++++++++
 Carlier 10x6 instance (exemple 5)
 10 6
 0 333 1 991 2 996 3 123 4 145 5 234
 0 333 1 111 2 663 3 456 4 785 5 532
 0 252 1 222 2 222 3 789 4 214 5 586
 0 222 1 204 2 114 3 876 4 752 5 532
 0 255 1 477 2 123 3 543 4 143 5 142
 0 555 1 566 2 456 3 210 4 698 5 573
 0 558 1 899 2 789 3 124 4 532 5  12
 0 888 1 965 2 876 3 537 4 145 5  14
 0 889 1 588 2 543 3 854 4 247 5 527
 0 999 1 889 2 210 3 632 4 451 5 856
 +++++++++++++++++++++++++++++

 instance car6

 +++++++++++++++++++++++++++++
 Carlier 8x9 instance (exemple 6)
 8 9
 0 887 1 447 2 234 3 159 4 201 5 555 6 463 7 456 8 753
 0 799 1 779 2 567 3 267 4 478 5 444 6 123 7 789 8  21
 0 999 1 999 2 852 3 483 4 520 5 120 6 456 7 630 8 427
 0 666 1 666 2 140 3 753 4 145 5 142 6 789 7 258 8 520
 0 663 1  25 2 222 3 420 4 699 5 578 6 876 7 741 8 142
 0 333 1 558 2 558 3 159 4 875 5 965 6 543 7  36 8 534
 0 222 1 886 2 965 3  25 4 633 5 412 6 210 7 985 8 157
 0 114 1 541 2 412 3 863 4 222 5  25 6 123 7 214 8 896
 +++++++++++++++++++++++++++++

 instance car7

 +++++++++++++++++++++++++++++
 Carlier 7x7 instance (exemple 7)
 7 7
 0 692 1 310 2 832 3 630 4 258 5 147 6 255
 0 581 1 582 2  14 3 214 4 147 5 753 6 806
 0 475 1 475 2 785 3 578 4 852 5   2 6 699
 0  23 1 196 2 696 3 214 4 586 5 356 6 877
 0 158 1 325 2 530 3 785 4 325 5 565 6 412
 0 796 1 874 2 214 3 236 4 896 5 898 6 302
 0 542 1 205 2 578 3 963 4 325 5 800 6 120
 +++++++++++++++++++++++++++++

 instance car8

 +++++++++++++++++++++++++++++
 Carlier 8x8 instance (exemple 8)
 8 8
 0 456 1 654 2 852 3 145 4 632 5 425 6 214 7 654
 0 789 1 123 2 369 3 678 4 581 5 396 6 123 7 789
 0 654 1 123 2 632 3 965 4 475 5 325 6 456 7 654
 0 321 1 456 2 581 3 421 4  32 5 147 6 789 7 123
 0 456 1 789 2 472 3 365 4 536 5 852 6 654 7 123
 0 789 1 654 2 586 3 824 4 325 5  12 6 321 7 456
 0 654 1 321 2 320 3 758 4 863 5 452 6 456 7 789
 0 789 1 147 2 120 3 639 4  21 5 863 6 789 7 654
 +++++++++++++++++++++++++++++

instance hel1

 +++++++++++++++++++++++++++++
 Heller 100x10 instance
 100  10
  0  1  1  1  2  1  3  4  4  3  5  5  6  5  7  7  8  6  9  4
  0  2  1  5  2  4  3  3  4  1  5  9  6  5  7  4  8  7  9  0
  0  5  1  6  2  8  3  4  4  4  5  2  6  5  7  6  8  7  9  5
  0  4  1  1  2  5  3  6  4  5  5  7  6  9  7  2  8  6  9  2
  0  4  1  4  2  2  3  7  4  3  5  6  6  5  7  2  8  4  9  1
  0  7  1  6  2  2  3  5  4  4  5  1  6  4  7  7  8  5  9  5
  0  8  1  5  2  8  3  7  4  9  5  5  6  3  7  5  8  1  9  5
  0  4  1  2  2  5  3  8  4  9  5  9  6  4  7  7  8  5  9  8
  0  2  1  7  2  4  3  2  4  5  5  4  6  5  7  8  8  4  9  3
  0  6  1  5  2  1  3  9  4  4  5  4  6  7  7  6  8  5  9  1
  0  5  1  4  2  7  3  3  4  9  5  1  6  4  7  7  8  3  9  2
  0  2  1  4  2  9  3  2  4  4  5  5  6  2  7  1  8  4  9  2
  0  4  1  0  2  1  3  2  4  2  5  3  6  1  7  4  8  2  9  8
  0  1  1  2  2  5  3  7  4  8  5  6  6  2  7  1  8  4  9  8
  0  6  1  4  2  5  3  1  4  2  5  4  6  5  7  6  8  2  9  9
  0  4  1  5  2  3  3  1  4  8  5  7  6  0  7  1  8  4  9  6
  0  7  1  3  2  1  3  4  4  7  5  0  6  4  7  1  8  5  9  6
  0  5  1  2  2  4  3  1  4  2  5  7  6  5  7  3  8  2  9  3
  0  8  1  6  2  8  3  5  4  7  5  4  6  2  7  5  8  9  9  5
  0  4  1  5  2  3  3  5  4  7  5  9  6  2  7  4  8  5  9  8
  0  3  1  5  2  7  3  9  4  6  5  2  6  4  7  4  8  7  9  3
  0  0  1  2  2  4  3  5  4  4  5  7  6  4  7  5  8  4  9  8
  0  4  1  2  2  5  3  7  4  4  5  5  6  3  7  2  8  8  9  5
  0  7  1  8  2  2  3  1  4  9  5  6  6  7  7  8  8  4  9  1
  0  4  1  8  2  5  3  2  4  6  5  8  6  9  7  5  8  8  9  5
  0  4  1  5  2  7  3  2  4  3  5  7  6  3  7  6  8  5  9  4
  0  4  1  2  2  1  3  5  4  1  5  3  6  5  7  6  8  5  9  5
  0  5  1  8  2  5  3  7  4  8  5  2  6  5  7  8  8  3  9  5
  0  5  1  4  2  5  3  4  4  5  5  7  6  6  7  2  8  5  9  9
  0  8  1  2  2  1  3  5  4  5  5  6  6  5  7  8  8  7  9  5
  0  8  1  3  2  5  3  9  4  5  5  4  6  5  7  2  8  4  9  2
  0  8  1  5  2  2  3  5  4  7  5  6  6  2  7  8  8  9  9  5
  0  3  1  7  2  4  3  6  4  8  5  2  6  4  7  5  8  2  9  3
  0  5  1  5  2  4  3  7  4  9  5  8  6  2  7  5  8  2  9  5
  0  5  1  2  2  5  3  2  4  5  5  4  6  8  7  2  8  1  9  3
  0  5  1  5  2  9  3  5  4  4  5  9  6  8  7  5  8  3  9  5
  0  2  1  1  2  2  3  1  4  4  5  3  6  3  7  5  8  2  9  6
  0  8  1  8  2  4  3  7  4  2  5  6  6  8  7  6  8  3  9  5
  0  9  1  7  2  5  3  8  4  5  5  6  6  5  7  8  8  9  9  4
  0  5  1  6  2  9  3  6  4  5  5  3  6  1  7  8  8  7  9  4
  0  6  1  4  2  7  3  4  4  3  5  6  6  1  7  4  8  5  9  8
  0  4  1  3  2  7  3  5  4  1  5  9  6  2  7  4  8  2  9  5
  0  4  1  2  2  8  3  7  4  3  5  4  6  9  7  8  8  7  9  4
  0  2  1  5  2  9  3  4  4  2  5  5  6  3  7  0  8  4  9  7
  0  9  1  5  2  4  3  2  4  3  5  7  6  0  7  2  8  1  9  6
  0  2  1  3  2  2  3  5  4  1  5  0  6  8  7  9  8  5  9  3
  0  5  1  2  2  7  3  9  4  4  5  3  6  6  7  2  8  5  9  0
  0  7  1  8  2  2  3  1  4  4  5  7  6  5  7  8  8  9  9  4
  0  1  1  4  2  2  3  3  4  6  5  8  6  2  7  4  8  7  9  5
  0  2  1  5  2  4  3  5  4  6  5  8  6  4  7  1  8  7  9  5
  0  8  1  3  2  0  3  2  4  5  5  6  6  8  7  2  8  9  9  4
  0  7  1  2  2  4  3  3  4  6  5  2  6  9  7  4  8  1  9  8
  0  3  1  5  2  7  3  5  4  3  5  8  6  6  7  4  8  8  9  1
  0  5  1  0  2  5  3  6  4  0  5  0  6  2  7  4  8  7  9  8
  0  1  1  9  2  5  3  2  4  4  5  7  6  5  7  0  8  2  9  5
  0  0  1  2  2  9  3  6  4  1  5  4  6  0  7  0  8  5  9  2
  0  0  1  2  2  5  3  8  4  3  5  6  6  9  7  1  8  2  9  4
  0  7  1  9  2  6  3  3  4  5  5  1  6  7  7  5  8  4  9  5
  0  4  1  3  2  5  3  2  4  1  5  4  6  9  7  7  8  4  9  1
  0  0  1  3  2  5  3  2  4  4  5  9  6  4  7  7  8  5  9  4
  0  7  1  8  2  5  3  6  4  3  5  9  6  8  7  7  8  4  9  6
  0  1  1  9  2  6  3  7  4  0  5  2  6  4  7  8  8  3  9  6
  0  6  1  1  2  2  3  0  4  3  5  5  6  4  7  1  8  7  9  3
  0  6  1  5  2  1  3  4  4  9  5  7  6  3  7  5  8  6  9  4
  0  1  1  8  2  2  3  6  4  9  5  4  6  7  7  5  8  8  9  4
  0  0  1  1  2  6  3  2  4  9  5  4  6  8  7  5  8  7  9  6
  0  4  1  2  2  5  3  6  4  8  5  5  6  6  7  4  8  1  9  4
  0  3  1  4  2  5  3  8  4  4  5  1  6  2  7  3  8  6  9  8
  0  9  1  8  2  2  3  3  4  1  5  4  6  0  7  2  8  4  9  5
  0  4  1  3  2  2  3  5  4  6  5  4  6  1  7  8  8  9  9  2
  0  5  1  7  2  1  3  2  4  6  5  8  6  2  7  3  8  4  9  7
  0  2  1  1  2  4  3  3  4  8  5  4  6  6  7  2  8  4  9  5
  0  6  1  7  2  9  3  2  4  4  5  3  6  2  7  5  8  6  9  7
  0  2  1  4  2  0  3  2  4  5  5  3  6  4  7  7  8  8  9  6
  0  2  1  7  2  5  3  4  4  3  5  1  6  5  7  6  8  0  9  2
  0  3  1  5  2  7  3  0  4  2  5  4  6  5  7  2  8  5  9  7
  0  2  1  4  2  5  3  3  4  4  5  7  6  8  7  3  8  2  9  4
  0  9  1  9  2  1  3  4  4  5  5  7  6  6  7  5  8  3  9  2
  0  8  1  2  2  5  3  2  4  2  5  5  6  1  7  5  8  7  9  8
  0  4  1  5  2  2  3  4  4  7  5  9  6  5  7  4  8  2  9  4
  0  5  1  5  2  1  3  2  4  4  5  2  6  3  7  8  8  5  9  1
  0  0  1  2  2  9  3  5  4  4  5  2  6  5  7  9  8  6  9  5
  0  1  1  2  2  3  3  5  4  6  5  2  6  4  7  0  8  2  9  5
  0  4  1  2  2  3  3  5  4  4  5  2  6  3  7  5  8  4  9  2
  0  4  1  4  2  5  3  8  4  9  5  8  6  5  7  2  8  8  9  3
  0  4  1  2  2  3  3  3  4  2  5  5  6  8  7  8  8  1  9  2
  0  5  1  3  2  6  3  2  4  5  5  6  6  4  7  7  8  9  9  3
  0  4  1  2  2  3  3  6  4  8  5  5  6  3  7  4  8  7  9  2
  0  5  1  8  2  8  3  3  4  5  5  6  6  5  7  6  8  5  9  2
  0  5  1  6  2  4  3  2  4  5  5  4  6  6  7  5  8  8  9  4
  0  2  1  1  2  4  3  7  4  4  5  5  6  9  7  8  8  5  9  6
  0  2  1  1  2  4  3  6  4  5  5  8  6  6  7  1  8  3  9  5
  0  9  1  5  2  1  3  3  4  5  5  7  6  9  7  1  8  2  9  5
  0  3  1  5  2  4  3  9  4  7  5  2  6  6  7  5  8  2  9  1
  0  2  1  5  2  0  3  3  4  2  5  4  6  7  7  8  8  9  9  5
  0  5  1  3  2  5  3  7  4  9  5  2  6  4  7  5  8  5  9  8
  0  6  1  3  2  1  3  5  4  0  5  1  6  4  7  8  8  9  9  8
  0  3  1  0  2  4  3  3  4  7  5  2  6  6  7  9  8  4  9  1
  0  1  1  7  2  4  3  2  4  2  5  4  6  5  7  0  8  6  9  9
  0  1  1  7  2  8  3  4  4  6  5  5  6  4  7  8  8  5  9  2
 +++++++++++++++++++++++++++++

 instance hel2

 +++++++++++++++++++++++++++++
 Heller 20x10 instance
 20  10
  0  1  1  1  2  1  3  4  4  3  5  5  6  5  7  7  8  6  9  4
  0  2  1  5  2  4  3  3  4  1  5  9  6  5  7  4  8  7  9  0
  0  5  1  6  2  8  3  4  4  4  5  2  6  5  7  6  8  7  9  5
  0  4  1  1  2  5  3  6  4  5  5  7  6  9  7  2  8  6  9  2
  0  4  1  4  2  2  3  7  4  3  5  6  6  5  7  2  8  4  9  1
  0  7  1  6  2  2  3  5  4  4  5  1  6  4  7  7  8  5  9  5
  0  8  1  5  2  8  3  7  4  9  5  5  6  3  7  5  8  1  9  5
  0  4  1  2  2  5  3  8  4  9  5  9  6  4  7  7  8  5  9  8
  0  2  1  7  2  4  3  2  4  5  5  4  6  5  7  8  8  4  9  3
  0  6  1  5  2  1  3  9  4  4  5  4  6  7  7  6  8  5  9  1
  0  5  1  4  2  7  3  3  4  9  5  1  6  4  7  7  8  3  9  2
  0  2  1  4  2  9  3  2  4  4  5  5  6  2  7  1  8  4  9  2
  0  4  1  0  2  1  3  2  4  2  5  3  6  1  7  4  8  2  9  8
  0  1  1  2  2  5  3  7  4  8  5  6  6  2  7  1  8  4  9  8
  0  6  1  4  2  5  3  1  4  2  5  4  6  5  7  6  8  2  9  9
  0  4  1  5  2  3  3  1  4  8  5  7  6  0  7  1  8  4  9  6
  0  7  1  3  2  1  3  4  4  7  5  0  6  4  7  1  8  5  9  6
  0  5  1  2  2  4  3  1  4  2  5  7  6  5  7  3  8  2  9  3
  0  8  1  6  2  8  3  5  4  7  5  4  6  2  7  5  8  9  9  5
  0  4  1  5  2  3  3  5  4  7  5  9  6  2  7  4  8  5  9  8
 +++++++++++++++++++++++++++++

 instance reC01

 +++++++++++++++++++++++++++++
 Reeves 20x5 type C instance
 20  5
  0   5  1  76  2  74  3  99  4  26
  0  74  1  21  2  83  3  52  4  90
  0  67  1  48  2   6  3  66  4  38
  0  97  1  36  2  71  3  68  4  81
  0  87  1  86  2  64  3  11  4  31
  0   1  1  42  2  20  3  90  4  23
  0  69  1  32  2  99  3  26  4  57
  0  69  1  12  2  54  3  80  4  16
  0  11  1  63  2  24  3  16  4  89
  0  87  1  52  2  43  3  10  4  26
  0  25  1  59  2  88  3  87  4  40
  0  50  1  42  2  72  3  77  4  29
  0  58  1  76  2  71  3  82  4  94
  0  79  1  48  2  20  3  63  4  97
  0  35  1  57  2  78  3  99  4  80
  0  70  1  76  2  53  3   2  4  19
  0  79  1  22  2  77  3  74  4  95
  0  34  1  99  2  49  3   3  4  61
  0  37  1  24  2  32  3  35  4   4
  0  50  1  88  2  46  3  63  4  76
 +++++++++++++++++++++++++++++

 instance reC03

 +++++++++++++++++++++++++++++
 Reeves 20x5 type C instance
 20  5
  0  34  1   6  2  63  3  85  4  60
  0  11  1  65  2   4  3   1  4  73
  0  63  1  67  2   3  3  73  4 100
  0  22  1  46  2  88  3   1  4  66
  0  76  1   4  2  34  3   9  4  76
  0  20  1  22  2   7  3   3  4  28
  0  44  1  30  2  55  3  68  4  92
  0  29  1  89  2  12  3  96  4  71
  0  54  1  12  2  21  3  74  4   2
  0  62  1  96  2  61  3  79  4  53
  0  50  1  13  2  48  3  40  4  37
  0  89  1  69  2  57  3   1  4  70
  0  50  1  56  2   8  3  67  4  46
  0  32  1  24  2  23  3  87  4  62
  0  12  1  88  2  64  3  14  4  13
  0  59  1  78  2  95  3  59  4  48
  0  41  1  20  2  83  3  65  4  20
  0  94  1  48  2  26  3  93  4   3
  0  28  1  59  2  10  3  81  4  20
  0  66  1  33  2  34  3   8  4   5
 +++++++++++++++++++++++++++++

 instance reC05

 +++++++++++++++++++++++++++++
 Reeves 20x5 type C instance
 20  5
  0  59  1  37  2  67  3  39  4  30
  0  89  1  41  2  42  3  59  4  43
  0  18  1  56  2  75  3  95  4  75
  0  65  1  67  2  50  3  57  4  13
  0   1  1  79  2  71  3  78  4  88
  0  49  1 100  2  30  3  76  4  36
  0  99  1   9  2  34  3  44  4  62
  0  35  1  46  2  58  3  26  4  73
  0   8  1  98  2  97  3  20  4  73
  0  39  1  73  2  20  3  55  4  30
  0  60  1  18  2  97  3  61  4  22
  0  71  1   1  2   4  3  88  4  52
  0  76  1  30  2  51  3  77  4  22
  0  30  1  98  2  25  3  43  4   5
  0  77  1  36  2  76  3  16  4  45
  0   5  1  82  2  64  3  13  4  14
  0  98  1  84  2   4  3  34  4  26
  0  79  1  28  2  84  3  69  4  36
  0  38  1  36  2  47  3  86  4   1
  0  69  1  19  2  54  3  83  4  97
 +++++++++++++++++++++++++++++
 
 instance reC07

 +++++++++++++++++++++++++++++
 Reeves 20x10 type C instance
 20 10
  0  28  1  18  2  38  3  11  4  97  5  23  6  90  7  52  8  79  9  63
  0  50  1  30  2  75  3  82  4  38  5  39  6  28  7  84  8  48  9  57
  0  75  1  50  2  33  3  58  4  56  5  41  6  51  7  29  8  75  9  97
  0  65  1  42  2  66  3  29  4  36  5  29  6  10  7  84  8  14  9  67
  0  84  1  68  2  42  3  41  4  86  5  23  6  95  7  30  8  73  9  97
  0  33  1  72  2  79  3  85  4  81  5  51  6  72  7  19  8  48  9  48
  0  91  1  66  2  87  3  88  4  97  5  36  6  21  7  59  8  61  9   4
  0  51  1  23  2 100  3  93  4  48  5  84  6  74  7   7  8  98  9  55
  0  58  1  61  2  17  3  54  4  25  5  71  6  52  7  47  8  49  9  86
  0  44  1  27  2  40  3  19  4  34  5  33  6   3  7  89  8  39  9  66
  0  70  1  94  2   7  3  19  4  31  5  48  6  38  7  48  8  73  9  34
  0  60  1  38  2  34  3  55  4  63  5  28  6  70  7  35  8  68  9  88
  0  39  1  33  2  53  3  87  4   2  5   6  6  51  7  42  8  93  9  67
  0  72  1  35  2  45  3  20  4  84  5  23  6  10  7  34  8   8  9  48
  0 100  1  71  2  80  3  89  4  47  5  15  6  90  7  33  8  97  9  26
  0  79  1  23  2  57  3  54  4  70  5  99  6  85  7   5  8   9  9   4
  0  14  1  23  2  36  3  79  4   4  5  65  6  78  7  51  8  95  9  79
  0   3  1  32  2  81  3  26  4  19  5  59  6  80  7  90  8  44  9  33
  0  68  1  33  2  94  3  37  4  33  5  74  6  64  7  50  8  22  9  17
  0  94  1  17  2  54  3  27  4  55  5  34  6   7  7  56  8  10  9  41
 +++++++++++++++++++++++++++++

 instance reC09

 +++++++++++++++++++++++++++++
 Reeves 20x10 type C instance
 20 10
  0  77  1  95  2  41  3  97  4  47  5  45  6  10  7  41  8  72  9   8
  0  99  1  28  2  42  3   4  4   7  5  30  6  65  7  45  8  51  9  94
  0  74  1  25  2  92  3  29  4   4  5  21  6  47  7  36  8  61  9   9
  0   4  1  21  2  40  3  80  4  66  5  85  6   1  7  33  8   1  9   4
  0  49  1  95  2  96  3  74  4  96  5  63  6  59  7  84  8  70  9  29
  0  53  1  59  2  75  3  19  4  13  5  50  6  82  7  60  8   9  9  13
  0  88  1  47  2  28  3  11  4  86  5  90  6  93  7  38  8  33  9  59
  0  92  1  99  2  84  3  13  4  73  5  55  6  19  7  93  8  74  9  25
  0   2  1  49  2  86  3  46  4  58  5  42  6  24  7  79  8  12  9  17
  0  97  1  18  2  28  3  77  4  92  5  54  6  49  7  24  8  19  9  71
  0  28  1  93  2  93  3   7  4  25  5  89  6  49  7  11  8  93  9  45
  0  64  1  22  2  91  3  56  4  46  5  27  6  32  7  70  8  94  9   5
  0  25  1  96  2  98  3  51  4  21  5  20  6  93  7  64  8  86  9  11
  0  19  1  41  2  87  3  15  4  31  5  78  6  54  7  74  8  71  9   6
  0  81  1   1  2  74  3  56  4   8  5  55  6   3  7  92  8  28  9   5
  0   9  1  29  2  49  3  48  4  72  5  38  6  26  7   3  8  49  9  80
  0   5  1  74  2  19  3  27  4  71  5  35  6  52  7  76  8  79  9  47
  0   8  1  66  2  40  3  71  4  17  5  61  6  84  7  49  8  52  9  56
  0  34  1   7  2  58  3  94  4  22  5  27  6  40  7  19  8  26  9  77
  0  13  1  56  2  45  3  27  4  40  5  26  6  90  7  28  8  27  9  88
 +++++++++++++++++++++++++++++